33.34058;44.40088

51.50853;-0.12574

42.99564;-71.45479

33.34058;44.40088

52.48142;-1.89983

51.45625;-0.97113

6.45306;3.39583

29.61857;-95.53772

47.66659;-52.73135

47.91172;0.24938

-33.92584;18.42322

51.36667;-0.01667

51.51279;-0.09184

53.79648;-1.54785

-12.97111;-38.51083

51.50853;-0.12574

-6.21462;106.84513

54.08306;-0.19192

33.96095;-83.37794

40.6501;-73.94958

33.34058;44.40088

8.9936;-79.51973

53.48095;-2.23743

35.69202;-84.86078

-7.4664;112.4338

51.51279;-0.09184

33.34058;44.40088

33.34058;44.40088

51.50853;-0.12574

52.71009;-2.75208

33.34058;44.40088

52.774;-1.55744

33.34058;44.40088

51.50853;-0.12574

33.34058;44.40088

33.34058;44.40088

33.34058;44.40088

51.40667;-3.26944

33.34058;44.40088

33.34058;44.40088

33.34058;44.40088

33.34058;44.40088

51.50853;-0.12574

33.34058;44.40088

33.34058;44.40088

52.47333;-8.15583

33.34058;44.40088

53.48095;-2.23743

-25.97200256;28.10601868

33.34058;44.40088

50.79693;0.05545

14.60892;-61.07334

33.34058;44.40088

32.55556;35.85

53.41058;-2.97794

39.76838;-86.15804

53.48095;-2.23743

53.79648;-1.54785

33.34058;44.40088

33.34058;44.40088

53.33306;-6.24889

14.64072;-90.51327

33.34058;44.40088

33.34058;44.40088

33.34058;44.40088

40.72816;-74.07764

33.34058;44.40088

-12.15681;96.82251

53.58333;-2.43333

14.60892;-61.07334

-7.4664;112.4338

33.34058;44.40088

53.48095;-2.23743

53.33306;-6.24889

52.48142;-1.89983

33.34058;44.40088

51.48;-3.18

33.34058;44.40088

-26.82414;-65.2226

52.05684;-2.71482

-25.30066;-57.63591

33.34058;44.40088

14.64072;-90.51327

52.4791;-1.46909

-22.90278;-43.2075

33.34058;44.40088

43.03306;-8.80925

53.55;-1.48333

52.48142;-1.89983

-12.80243;28.21323

33.34058;44.40088

22.28552;114.15769

52.80728;-1.64263

40.78343;-73.96625

33.34058;44.40088

51.36217;-0.09421

42.98339;-81.23304

33.34058;44.40088

58.97005;5.73332

33.34058;44.40088

33.34058;44.40088

33.34058;44.40088

53.81667;-3.05

-6.21462;106.84513

53.04664;-2.99132

33.34058;44.40088

-6.97583;108.48306

-6.90389;107.61861

33.34058;44.40088

38.71667;-9.13333

33.34058;44.40088

33.34058;44.40088

51.43333;6.88333

6.00809;-58.30714

33.34058;44.40088

51.50853;-0.12574

53.48771;-2.29042

33.34058;44.40088

33.34058;44.40088

53.81667;-3.05

33.34058;44.40088

38.24444;21.73444

33.34058;44.40088

29.76328;-95.36327

4.77742;7.0134

52.29139;-0.59923

33.34058;44.40088

54.68916;25.2798

33.52066;-86.80249

54.68916;25.2798

-6.21462;106.84513

54.68916;25.2798

40.71427;-74.00597

53.48095;-2.23743

33.57786;-101.85517

33.34058;44.40088

55.86515;-4.25763

33.34058;44.40088

-33.92584;18.42322

15.61444;-87.95302

33.34058;44.40088

51.62079;-3.94323

55.67594;12.56553

33.34058;44.40088

45.74846;4.84671

-6.97583;108.48306

33.34058;44.40088

43.70011;-79.4163

33.34058;44.40088

33.34058;44.40088

10.63167;-71.64056

52.66472;-8.62306

33.87807;-117.52088

33.34058;44.40088

6.45306;3.39583

33.34058;44.40088

53.5288418;-2.15635436

-6.4;106.81861

-25.74486;28.18783

53.48095;-2.23743

-33.92584;18.42322

53.76667;-2.71667

33.34058;44.40088

33.34058;44.40088

51.48;-3.18

33.34058;44.40088

43.70011;-79.4163

33.34058;44.40088

44.80401;20.46513

33.34058;44.40088

51.79535;-2.61354

54.98839;-3.25647

33.34058;44.40088

33.34058;44.40088

33.34058;44.40088

33.34058;44.40088

33.34058;44.40088

33.34058;44.40088

33.34058;44.40088

33.34058;44.40088

33.34058;44.40088

51.6128;-0.27539

53.48095;-2.23743

33.34058;44.40088

33.34058;44.40088

33.34058;44.40088

59.32667;14.52386

33.34058;44.40088

33.34058;44.40088

53.33306;-6.24889

33.34058;44.40088

33.34058;44.40088

33.34058;44.40088

54.6988;-1.60229

33.34058;44.40088

10.5085483;-66.9079841

33.34058;44.40088

33.34058;44.40088

14.64072;-90.51327

18.46633;-66.10572

33.34058;44.40088

40.78065;-75.27796

33.34058;44.40088

51.55797;-1.78116

33.34058;44.40088

33.34058;44.40088

51.50853;-0.12574

33.34058;44.40088

33.34058;44.40088

50.82838;-0.13947

33.34058;44.40088

41.01384;28.94966

33.34058;44.40088

5.5577;95.3222

33.34058;44.40088

33.34058;44.40088

25.77427;-80.19366

33.34058;44.40088

41.49899;-72.90066

10.96389;-74.79639

33.34058;44.40088

33.34058;44.40088

56.46362257;-2.99540981

53.9182;-2.96633

53.0;-2.23333

33.34058;44.40088

33.34058;44.40088

1.28967;103.85007

33.34058;44.40088

51.45523;-2.59665

24.9056;67.0822

39.15817;-75.52437

33.34058;44.40088

33.34058;44.40088

33.34058;44.40088

33.34058;44.40088

40.71427;-74.00597

53.48095;-2.23743

52.80728;-1.64263

33.34058;44.40088

-6.90389;107.61861

7.15;3.35

-33.86785;151.20732

-30.91858;-62.67814

33.34058;44.40088

51.50853;-0.12574

13.75398;100.50144

33.34058;44.40088

51.37795;-2.35907

33.34058;44.40088

33.34058;44.40088

33.34058;44.40088

51.50853;-0.12574

33.34058;44.40088

33.34058;44.40088

33.34058;44.40088

33.34058;44.40088

70.03114;20.97141

51.36217;-0.09421

33.34058;44.40088

33.34058;44.40088

32.87519;13.18746

53.7446;-0.33525

33.34058;44.40088

51.50853;-0.12574

54.57623;-1.23483

33.34058;44.40088

33.34058;44.40088

33.34058;44.40088

33.34058;44.40088

51.50853;-0.12574

53.48095;-2.23743

41.94871;-71.0731

-7.4664;112.4338

-6.21462;106.84513

33.34058;44.40088

33.34058;44.40088

33.34058;44.40088

33.34058;44.40088

52.37403;4.88969

33.34058;44.40088

33.34058;44.40088

33.34058;44.40088

53.69786;-2.68758

36.81897;10.16579

49.9;2.3

23.7104;90.40744

33.34058;44.40088

53.1905;-2.89189

33.34058;44.40088

41.01384;28.94966

33.34058;44.40088

40.4165;-3.70256

34.05223;-118.24368

33.34058;44.40088

53.38297;-1.4659

33.34058;44.40088

33.34058;44.40088

53.48095;-2.23743

53.77995;20.49416

33.34058;44.40088

53.48095;-2.23743

22.64859;88.34115

-33.86785;151.20732

33.34058;44.40088

33.34058;44.40088

40.76078;-111.89105

58.97005;5.73332

33.34058;44.40088

33.34058;44.40088

-20.81972;-49.37944

33.34058;44.40088

33.34058;44.40088

53.79648;-1.54785

53.79391;-1.75206

33.34058;44.40088

33.34058;44.40088

8.12923;-63.54086

33.34058;44.40088

33.34058;44.40088

33.34058;44.40088

52.25;-0.88333

33.34058;44.40088

33.34058;44.40088

33.34058;44.40088

-5.795;-35.20944

33.34058;44.40088

-7.4664;112.4338

50.71667;-2.0

30.43937;-97.62

51.50853;-0.12574

51.7836;-1.4854

55.75222;37.61556

33.34058;44.40088

33.34058;44.40088

33.34058;44.40088

51.38914;0.54863

42.26259;-71.80229

33.34058;44.40088

6.45306;3.39583

33.34058;44.40088

33.34058;44.40088

33.34058;44.40088

1.03072;104.05548

37.9577;-121.29078

51.76338;-0.22419

53.33306;-6.24889

33.34058;44.40088

6.45306;3.39583

33.34058;44.40088

59.32667;14.52386

40.44062;-79.99589

53.48876;-2.0989

51.50853;-0.12574

33.34058;44.40088

55.95206;-3.19648

51.37795;-2.35907

33.34058;44.40088

33.34058;44.40088

53.41058;-2.97794

33.34058;44.40088

33.34058;44.40088

51.56844;0.45782

53.47993323;-2.2184446

33.34058;44.40088

20.66667;-103.33333

33.34058;44.40088

33.34058;44.40088

33.34058;44.40088

53.48095;-2.23743

18.45962;-77.3357

33.34058;44.40088

33.34058;44.40088

53.48095;-2.23743

37.97945;23.71622

53.92836;-1.38672

33.34058;44.40088

33.34058;44.40088

33.34058;44.40088

33.34058;44.40088

33.34058;44.40088

33.34058;44.40088

-22.21389;-49.94583

51.50853;-0.12574

33.34058;44.40088

53.48095;-2.23743

33.34058;44.40088

33.34058;44.40088

34.23314;-102.41075

33.34058;44.40088

52.66472;-8.62306

33.88894;35.49442

52.80728;-1.64263

33.34058;44.40088

51.50853;-0.12574

51.50853;-0.12574

51.31903;-0.55893

-33.86785;151.20732

33.34058;44.40088

37.77493;-122.41942

33.34058;44.40088

53.48095;-2.23743

33.34058;44.40088

33.34058;44.40088

-27.46794;153.02809

33.34058;44.40088

51.89880394;-2.07087491

55.05;-6.06667

-29.79171;-58.0546

33.34058;44.40088

42.73254;-84.55553

53.38297;-1.4659

33.34058;44.40088

51.47475;-0.15547

33.34058;44.40088

33.34058;44.40088

6.00809;-58.30714

6.00809;-58.30714

33.34058;44.40088

50.90395;-1.40428

-6.21462;106.84513

-5.08917;-42.80194

33.34058;44.40088

33.34058;44.40088

7.89391;-72.50782

51.50853;-0.12574

51.50853;-0.12574

33.34058;44.40088

52.58528;-1.98396

53.48095;-2.23743

33.34058;44.40088

33.34058;44.40088

51.11303;-0.18312

33.34058;44.40088

33.34058;44.40088

33.34058;44.40088

33.34058;44.40088

33.34058;44.40088

33.34058;44.40088

51.12837;-3.00356

53.33306;-6.24889

33.34058;44.40088

33.34058;44.40088

-12.80243;28.21323

33.34058;44.40088

50.63297;3.05858

-25.74486;28.18783

33.34058;44.40088

38.8991;-77.029

64.83778;-147.71639

56.90552;12.49118

33.34058;44.40088

42.35843;-71.05977

53.48095;-2.23743

56.39522;-3.43139

33.34058;44.40088

6.45306;3.39583

-34.61315;-58.37723

53.41058;-2.97794

12.00012;8.51672

45.41117;-75.69812

-8.05389;-34.88111

33.34058;44.40088

33.34058;44.40088

34.09223;-117.43505

-29.8579;31.0292

-23.96083;-46.33361

33.34058;44.40088

40.6959;-80.01173

-7.3274;108.2207

53.48095;-2.23743

53.48771;-2.29042

33.34058;44.40088

3.90089;-76.29783

33.34058;44.40088

33.34058;44.40088

33.34058;44.40088

15.64453;32.47773

33.34058;44.40088

33.34058;44.40088

33.34058;44.40088

33.34058;44.40088

53.48095;-2.23743

53.48095;-2.23743

14.60892;-61.07334

53.76667;-2.71667

-0.96212;-80.71271

51.64373995;-0.18367348

50.37153;-4.14305

33.34058;44.40088

-17.73111;-49.09944

51.50853;-0.12574

33.34058;44.40088

5.7326447;0.04018

41.85003;-87.65005

-26.20227;28.04363

51.75369;-0.47517

33.34058;44.40088

33.34058;44.40088

51.50853;-0.12574

53.59245;-2.21941

53.48095;-2.23743

51.50853;-0.12574

51.51279;-0.09184

33.34058;44.40088

33.34058;44.40088

33.34058;44.40088

33.34058;44.40088

-5.42544;105.25803

33.34058;44.40088

33.34058;44.40088

33.34058;44.40088

33.34058;44.40088

41.76401;-2.46883

53.33306;-6.24889

53.48095;-2.23743

33.34058;44.40088

33.34058;44.40088

33.34058;44.40088

33.34058;44.40088

55.63668;-3.88736

18.45962;-77.3357

-33.78269;151.04888

52.76667;-1.2

58.88333;14.28333

51.50853;-0.12574

33.34058;44.40088

39.06387;-108.55065

23.7104;90.40744

-25.74486;28.18783

33.34058;44.40088

20.96667;-89.61667

33.34058;44.40088

-1.6;103.61667

33.34058;44.40088

33.34058;44.40088

-3.10194;-60.025

51.30288;-0.72527

44.47588;-73.21207

33.34058;44.40088

55.86515;-4.25763

33.34058;44.40088

33.34058;44.40088

42.69751;23.32415

33.34058;44.40088

39.95234;-75.16379

33.34058;44.40088

50.40808;-4.83373

53.48095;-2.23743

53.33306;-6.24889

33.34058;44.40088

33.34058;44.40088

52.37403;4.88969

33.34058;44.40088

33.34058;44.40088

-6.90389;107.61861

33.34058;44.40088

52.13459;-0.46632

33.34058;44.40088

45.01809;-74.72815

-7.9797;112.6304

33.34058;44.40088

51.51279;-0.09184

53.48095;-2.23743

53.60126;-2.54975

40.21705;-74.74294

33.34058;44.40088

33.34058;44.40088

33.34058;44.40088

33.34058;44.40088

-41.11436;146.07065

53.48095;-2.23743

53.41058;-2.97794

54.2548;-0.47483

57.14369;-2.09814

33.34058;44.40088

33.34058;44.40088

33.34058;44.40088

33.34058;44.40088

53.48095;-2.23743

33.34058;44.40088

51.35;-0.2

51.48;-3.18

33.34058;44.40088

53.48095;-2.23743

33.34058;44.40088

-0.96212;-80.71271

33.34058;44.40088

33.34058;44.40088

-33.00938;-58.51722

33.34058;44.40088

33.34058;44.40088

-25.42778;-49.27306

33.34058;44.40088

51.56844;0.45782

52.2;0.11667

14.6937;-17.44406

51.16615;-0.1849

33.34058;44.40088

33.34058;44.40088

53.48095;-2.23743

33.34058;44.40088

-29.8579;31.0292

3.03333;101.45

33.34058;44.40088

45.07049;7.68682

53.48095;-2.23743

33.34058;44.40088

33.34058;44.40088

33.34058;44.40088

53.48095;-2.23743

-0.05833;-51.18167

33.34058;44.40088

33.34058;44.40088

33.34058;44.40088

51.56844;0.45782

33.34058;44.40088

10.66617;-61.51657

33.34058;44.40088

-24.65451;25.90859

53.48095;-2.23743

53.79648;-1.54785

33.34058;44.40088

-6.21462;106.84513

33.34058;44.40088

33.34058;44.40088

51.88921;0.90421

30.26715;-97.74306

51.59663831;-0.24129776

10.52224;7.43828

51.48333;-0.6

53.48095;-2.23743

6.00809;-58.30714

53.33306;-6.24889

33.34058;44.40088

34.23314;-102.41075

53.48095;-2.23743

55.86515;-4.25763

53.48095;-2.23743

33.34058;44.40088

33.34058;44.40088

-34.61315;-58.37723

33.34058;44.40088

33.34058;44.40088

19.42847;-99.12766

33.34058;44.40088

33.34058;44.40088

53.48095;-2.23743

33.34058;44.40088

40.6501;-73.94958

53.48095;-2.23743

36.53361;-6.29944

33.34058;44.40088

-37.814;144.96332

33.34058;44.40088

33.34058;44.40088

52.48142;-1.89983

12.05;-68.81667

33.34058;44.40088

51.66317;-3.80443

33.34058;44.40088

51.50853;-0.12574

39.95234;-75.16379

30.43826;-84.28073

33.34058;44.40088

9.06853;7.48375

33.34058;44.40088

41.26465;69.21627

33.34058;44.40088

51.50853;-0.12574

51.51279;-0.09184

33.34058;44.40088

6.45306;3.39583

51.50853;-0.12574

33.34058;44.40088

10.63167;-71.64056

51.50853;-0.12574

51.50853;-0.12574

33.34058;44.40088

-12.97111;-38.51083

34.43667;35.84972

-23.5475;-46.63611

-6.21462;106.84513

47.92617;6.03548

43.00992;-7.55602

51.50853;-0.12574

-1.6;103.61667

41.85003;-87.65005

53.61766;-2.1552

33.34058;44.40088

52.04172;-0.75583

29.36972;47.97833

53.41058;-2.97794

51.50853;-0.12574

45.48706;-122.80371

33.34058;44.40088

55.86515;-4.25763

34.00071;-81.03481

53.76667;-2.71667

33.34058;44.40088

30.62798;-96.33441

1.28967;103.85007

33.34058;44.40088

51.51279;-0.09184

-33.86785;151.20732

51.51279;-0.09184

33.34058;44.40088

55.60587;13.00073

8.9936;-79.51973

38.89511;-77.03637

53.8;-2.23333

37.38241;-5.97613

51.30472;-2.50028

33.34058;44.40088

33.34058;44.40088

41.66394;-83.55521

33.34058;44.40088

33.34058;44.40088

33.34058;44.40088

53.26023;-2.12564

33.34058;44.40088

33.34058;44.40088

52.48142;-1.89983

-6.90389;107.61861

-34.72418;-58.25265

53.48095;-2.23743

33.34058;44.40088

33.34058;44.40088

33.34058;44.40088

52.27026;-1.89188

33.34058;44.40088

33.34058;44.40088

51.50853;-0.12574

4.88447;-1.75536

33.34058;44.40088

51.51279;-0.09184

10.63167;-71.64056

33.34058;44.40088

49.9;2.3

33.34058;44.40088

41.85003;-87.65005

33.34058;44.40088

53.48095;-2.23743

-8.65;115.21667

33.34058;44.40088

53.33306;-6.24889

33.34058;44.40088

53.58333;-2.43333

54.08306;-0.19192

33.34058;44.40088

15.1;-23.68333

38.03333;23.16667

33.34058;44.40088

33.34058;44.40088

53.48095;-2.23743

33.34058;44.40088

43.5789;-79.6583

29.76328;-95.36327

45.41117;-75.69812

51.51279;-0.09184

33.34058;44.40088

33.34058;44.40088

33.34058;44.40088

33.34058;44.40088

33.34058;44.40088

33.34058;44.40088

33.34058;44.40088

53.76667;-2.71667

50.90395;-1.40428

33.34058;44.40088

49.10635;-122.82509

6.45306;3.39583

33.34058;44.40088

45.25167;19.83694

55.86515;-4.25763

33.34058;44.40088

34.05223;-118.24368

58.97005;5.73332

33.34058;44.40088

33.34058;44.40088

33.34058;44.40088

33.34058;44.40088

53.33306;-6.24889

51.75159195;-3.7954959

51.51279;-0.09184

33.34058;44.40088

33.34058;44.40088

33.34058;44.40088

39.29038;-76.61219

33.34058;44.40088

33.34058;44.40088

-6.21462;106.84513

33.34058;44.40088

33.34058;44.40088

33.34058;44.40088

33.34058;44.40088

33.34058;44.40088

33.34058;44.40088

51.48111127;-0.20011358

33.34058;44.40088

33.34058;44.40088

33.34058;44.40088

-25.42778;-49.27306

53.41058;-2.97794

53.99078;-1.5373

33.34058;44.40088

53.48095;-2.23743

53.38297;-1.4659

33.34058;44.40088

5.6698;-0.01657

33.34058;44.40088

53.48095;-2.23743

33.34058;44.40088

34.00071;-81.03481

-23.26417;-47.29917

53.58333;-2.43333

53.48095;-2.23743

33.34058;44.40088

7.38778;3.89639

33.34058;44.40088

33.34058;44.40088

53.48095;-2.23743

-7.4664;112.4338

7.25256;5.19312

33.34058;44.40088

9.06853;7.48375

33.34058;44.40088

33.34058;44.40088

50.76871;0.28453

25.25817;55.30472

49.96436;-6.29105

12.00012;8.51672

39.80172;-89.64371

33.34058;44.40088

33.34058;44.40088

25.08652;-80.44728

33.34058;44.40088

33.34058;44.40088

33.34058;44.40088

53.39337;-3.01479

54.58333;-5.93333

33.34058;44.40088

51.50896;-0.3713

51.89797;-8.47061

51.50853;-0.12574

53.79648;-1.54785

51.62079;-3.94323

33.34058;44.40088

51.38914;0.54863

33.34058;44.40088

33.34058;44.40088

-25.66756;27.24208

52.48142;-1.89983

56.11586;-3.78997

14.6042;120.9822

44.94441;-93.09327

33.34058;44.40088

53.7446;-0.33525

53.00415;-2.18538

33.34058;44.40088

-6.9932;110.4203

51.50853;-0.12574

1.28967;103.85007

33.34058;44.40088

51.50853;-0.12574

26.43442;50.10326

-6.21462;106.84513

51.40667;-3.26944

33.34058;44.40088

53.48095;-2.23743

33.34058;44.40088

33.34058;44.40088

33.34058;44.40088

33.34058;44.40088

33.34058;44.40088

33.34058;44.40088

52.52323;-1.46523

53.33306;-6.24889

53.7446;-0.33525

33.34058;44.40088

33.34058;44.40088

56.27879208;-3.1332155

32.5027;-117.00371

39.83167;127.61861

33.34058;44.40088

53.33306;-6.24889

33.34058;44.40088

33.34058;44.40088

33.34058;44.40088

-6.21462;106.84513

33.34058;44.40088

54.87147;-6.47146

53.47914593;-2.24420428

33.34058;44.40088

-22.55941;17.08323

-1.28333;36.81667

51.65446;-3.02281

40.96882;-5.66388

54.17841;-6.33739

51.9;-2.08333

50.82838;-0.13947

53.36026588;-3.00141284

53.59145;-2.77028

51.9;-2.08333

33.34058;44.40088

54.58333;-5.93333

33.34058;44.40088

6.45306;3.39583

33.34058;44.40088

33.34058;44.40088

33.34058;44.40088

51.50853;-0.12574

41.01384;28.94966

33.34058;44.40088

55.45445;-4.26644

33.34058;44.40088

12.00012;8.51672

53.48095;-2.23743

53.7446;-0.33525

52.58547;-2.12296

40.4165;-3.70256

33.34058;44.40088

33.34058;44.40088

33.34058;44.40088

43.70011;-79.4163

33.34058;44.40088

51.51279;-0.09184

42.33143;-83.04575

33.44838;-112.07404

33.34058;44.40088

51.86667;-1.75

29.36972;47.97833

-29.12106;26.214

53.58333;-2.43333

33.34058;44.40088

33.34058;44.40088

55.86515;-4.25763

51.50853;-0.12574

33.34058;44.40088

33.34058;44.40088

51.50853;-0.12574

53.25;-1.41667

-29.12528;-56.55306

-27.65036;27.23488

33.34058;44.40088

33.34058;44.40088

33.34058;44.40088

33.34058;44.40088

33.34058;44.40088

51.50853;-0.12574

43.31283;-1.97499

33.34058;44.40088

33.34058;44.40088

13.35;-88.35

33.34058;44.40088

52.37092;-1.26417

33.34058;44.40088

33.34058;44.40088

14.45933944;121.0138298

-30.03306;-51.23

56.5;-2.96667

33.34058;44.40088

41.85003;-87.65005

33.34058;44.40088

51.47518;-0.34246

33.34058;44.40088

53.48095;-2.23743

33.34058;44.40088

34.23314;-102.41075

33.34058;44.40088

33.34058;44.40088

51.51279;-0.09184

54.57623;-1.23483

53.48095;-2.23743

33.34058;44.40088

51.50853;-0.12574

33.34058;44.40088

54.68916;25.2798

33.34058;44.40088

33.34058;44.40088

33.34058;44.40088

-38.95161;-68.0591

33.34058;44.40088

51.50853;-0.12574

33.34058;44.40088

33.34058;44.40088

29.76328;-95.36327

33.34058;44.40088

52.9536;-1.15047

54.97328;-1.61396

51.89880394;-2.07087491

33.34058;44.40088

51.44138;0.37371

33.34058;44.40088

33.34058;44.40088

33.34058;44.40088

33.34058;44.40088

51.50853;-0.12574

53.71667;-1.85

33.34058;44.40088

33.34058;44.40088

33.34058;44.40088

53.52327;-1.13691

33.34058;44.40088

33.34058;44.40088

52.39857;0.25811

34.00071;-81.03481

33.34058;44.40088

-32.92715;151.77647

33.34058;44.40088

33.34058;44.40088

32.72541;-97.32085

53.32803;-2.23148

51.48;-3.18

33.34058;44.40088

33.34058;44.40088

-25.74486;28.18783

-15.77972;-47.92972

39.73915;-104.9847

51.56844;0.45782

51.44162;0.14866

51.01667;-0.13333

-6.21462;106.84513

51.66317;-3.80443

33.34058;44.40088

51.50949;-0.59541

33.34058;44.40088

52.92277;-1.47663

33.34058;44.40088

53.76667;-2.71667

36.09719;-115.14666

4.88447;-1.75536

-33.86785;151.20732

33.34058;44.40088

51.89797;-8.47061

53.48095;-2.23743

53.48095;-2.23743

33.34058;44.40088

-7.4664;112.4338

53.33306;-6.24889

33.34058;44.40088

33.34058;44.40088

33.34058;44.40088

33.34058;44.40088

33.34058;44.40088

33.34058;44.40088

53.48095;-2.23743

33.34058;44.40088

53.48095;-2.23743

57.47908;-4.22398

53.3618;-2.73406

33.34058;44.40088

52.6386;-1.13169

19.42847;-99.12766

33.34058;44.40088

33.34058;44.40088

42.81259;-70.87728

51.7836;-1.4854

53.41058;-2.97794

33.34058;44.40088

51.87967;-0.41748

33.34058;44.40088

6.45306;3.39583

-5.14;119.4221

51.36829;-0.16755

33.34058;44.40088

33.34058;44.40088

33.34058;44.40088

52.91149;-0.64184

4.60971;-74.08175

33.34058;44.40088

53.48095;-2.23743

33.34058;44.40088

33.34058;44.40088

53.48095;-2.23743

33.34058;44.40088

33.34058;44.40088

6.45306;3.39583

33.34058;44.40088

33.34058;44.40088

33.34058;44.40088

33.34058;44.40088

53.48095;-2.23743

-34.92866;138.59863

33.34058;44.40088

-33.45694;-70.64827

55.86515;-4.25763

33.34058;44.40088

33.34058;44.40088

33.34058;44.40088

15.58333;-61.46667

51.51279;-0.09184

54.58333;-5.93333

33.34058;44.40088

53.69107;-1.31269

51.36217;-0.09421

54.8951;-2.9382

40.4165;-3.70256

51.51279;-0.09184

51.7836;-1.4854

33.34058;44.40088

29.76328;-95.36327

33.34058;44.40088

33.34058;44.40088

33.34058;44.40088

32.78306;-96.80667

33.34058;44.40088

40.71427;-74.00597

53.33306;-6.24889

33.34058;44.40088

53.48095;-2.23743

50.82838;-0.13947

33.34058;44.40088

33.34058;44.40088

33.34058;44.40088

51.50853;-0.12574

33.34058;44.40088

32.72541;-97.32085

51.48;-3.18

33.34058;44.40088

33.34058;44.40088

53.48095;-2.23743

51.62019833;-0.05989739

52.13459;-0.46632

53.48095;-2.23743

19.42847;-99.12766

50.61723;-3.40233

33.34058;44.40088

33.34058;44.40088

53.48095;-2.23743

33.34058;44.40088

33.34058;44.40088

33.34058;44.40088

33.34058;44.40088

-7.55611;110.83167

33.34058;44.40088

33.34058;44.40088

33.34058;44.40088

51.66317;-3.80443

42.35843;-71.05977

-25.74486;28.18783

33.34058;44.40088

33.34058;44.40088

33.34058;44.40088

12.00012;8.51672

43.70011;-79.4163

33.34058;44.40088

59.91667;11.43333

52.40692;16.92993

49.24966;-123.11934

33.34058;44.40088

54.60828;-1.29214

0.31628;32.58219

51.50853;-0.12574

33.34058;44.40088

33.34058;44.40088

33.34058;44.40088

53.33306;-6.24889

51.50853;-0.12574

51.47509396;-2.58854301

10.63167;-71.64056

51.43158;-0.55239

33.34058;44.40088

33.34058;44.40088

6.45306;3.39583

33.34058;44.40088

12.00012;8.51672

51.94284;-0.88131

51.50853;-0.12574

-32.48249;-58.23722

33.34058;44.40088

-5.795;-35.20944

-32.92715;151.77647

33.34058;44.40088

33.34058;44.40088

53.43015;-2.17538

41.01384;28.94966

3.03333;101.45

33.34058;44.40088

6.93194;79.84778

-6.59444;106.78917

33.34058;44.40088

53.38297;-1.4659

33.34058;44.40088

53.68331;-1.49768

51.89797;-8.47061

51.50853;-0.12574

33.34058;44.40088

53.33306;-6.24889

52.92277;-1.47663

1.28967;103.85007

33.34058;44.40088

33.34058;44.40088

33.34058;44.40088

33.34058;44.40088

33.32456;-96.78444

59.14054;9.6561

-7.4664;112.4338

4.375;-7.71694

50.82838;-0.13947

43.70011;-79.4163

42.88645;-78.87837

53.48095;-2.23743

49.98081;36.25272

53.7446;-0.33525

33.34058;44.40088

33.34058;44.40088

33.34058;44.40088

52.40656;-1.51217

33.34058;44.40088

51.56844;0.45782

33.34058;44.40088

51.51279;-0.09184

34.00071;-81.03481

55.05045;-6.95074

33.34058;44.40088

53.48095;-2.23743

33.34058;44.40088

-12.15681;96.82251

33.34058;44.40088

33.34058;44.40088

33.34058;44.40088

33.34058;44.40088

54.26969;-8.46943

33.34058;44.40088

53.1905;-2.89189

33.34058;44.40088

53.33306;-6.24889

33.34058;44.40088

53.58333;-2.43333

33.34058;44.40088

52.48142;-1.89983

33.34058;44.40088

21.51694;39.21917

43.70011;-79.4163

31.56018;130.55814

-29.68417;-53.80694

33.34058;44.40088

33.34058;44.40088

52.52437;13.41053

33.34058;44.40088

-37.814;144.96332

33.34058;44.40088

33.34058;44.40088

52.40656;-1.51217

59.33258;18.0649

33.34058;44.40088

34.05223;-118.24368

51.45523;-2.59665

33.34058;44.40088

51.5;-0.46667

33.34058;44.40088

33.34058;44.40088

33.34058;44.40088

33.34058;44.40088

53.48095;-2.23743

53.48095;-2.23743

33.34058;44.40088

19.42847;-99.12766

33.34058;44.40088

41.26465;69.21627

50.7236;-3.52751

33.34058;44.40088

52.62783;1.29834

53.48095;-2.23743

53.48095;-2.23743

-6.21462;106.84513

41.26465;69.21627

53.48095;-2.23743

51.50853;-0.12574

52.48142;-1.89983

33.34058;44.40088

33.34058;44.40088

54.58333;-5.93333

33.34058;44.40088

33.34058;44.40088

33.34058;44.40088

38.83388;-104.82136

33.34058;44.40088

51.50853;-0.12574

33.34058;44.40088

40.6501;-73.94958

33.34058;44.40088

43.70011;-79.4163

33.34058;44.40088

53.48095;-2.23743

33.34058;44.40088

53.41058;-2.97794

53.48095;-2.23743

53.79648;-1.54785

33.34058;44.40088

33.34058;44.40088

34.00071;-81.03481

33.34058;44.40088

53.47461234;-2.13185233

51.50853;-0.12574

33.34058;44.40088

53.48095;-2.23743

33.57786;-101.85517

33.34058;44.40088

-6.21462;106.84513

33.34058;44.40088

51.51279;-0.09184

41.62697;-88.20395

51.51279;-0.09184

33.34058;44.40088

-33.86785;151.20732

51.50853;-0.12574

51.39985;-0.37997

40.84985;-73.86641

-7.4664;112.4338

53.33306;-6.24889

19.42847;-99.12766

33.34058;44.40088

15.50417;-88.025

33.34058;44.40088

5.55602;-0.1969

52.62783;1.29834

40.71427;-74.00597

33.34058;44.40088

30.26715;-97.74306

59.91273;10.74609

33.34058;44.40088

33.34058;44.40088

33.34058;44.40088

53.48095;-2.23743

-37.814;144.96332

-10.91111;-37.07167

6.45306;3.39583

34.00071;-81.03481

33.34058;44.40088

33.34058;44.40088

33.34058;44.40088

53.48095;-2.23743

53.38297;-1.4659

33.34058;44.40088

51.50853;-0.12574

25.25817;55.30472

53.33306;-6.24889

41.8806172;-87.67411709

54.99859;-1.4323

53.26023;-2.12564

33.34058;44.40088

51.36667;-0.01667

33.34058;44.40088

53.48095;-2.23743

33.34058;44.40088

33.34058;44.40088

51.50853;-0.12574

33.34058;44.40088

53.48095;-2.23743

34.68344;-82.83737

33.34058;44.40088

51.50853;-0.12574

33.34058;44.40088

51.50853;-0.12574

51.50853;-0.12574

-2.18194;-79.89167

34.23314;-102.41075

-32.92715;151.77647

-34.09556;-56.21417

53.48095;-2.23743

33.34058;44.40088

34.00071;-81.03481

50.79899;-1.09125

33.34058;44.40088

33.34058;44.40088

52.48142;-1.89983

6.45306;3.39583

53.48095;-2.23743

51.51279;-0.09184

53.48095;-2.23743

43.00992;-7.55602

14.03333;-86.58333

6.45306;3.39583

33.34058;44.40088

52.48142;-1.89983

51.50853;-0.12574

33.34058;44.40088

-7.78278;110.36083

40.71427;-74.00597

33.34058;44.40088

52.95111;-7.80167

33.34058;44.40088

-6.21462;106.84513

53.79391;-1.75206

51.50853;-0.12574

56.10982;-3.16149

53.48095;-2.23743

-12.80243;28.21323

33.34058;44.40088

54.58333;-5.93333

33.34058;44.40088

37.98704;-1.13004

52.48142;-1.89983

51.50853;-0.12574

33.34058;44.40088

40.72816;-74.07764

49.98081;36.25272

40.70094;-73.71291

13.06667;-59.53333

53.48095;-2.23743

51.51279;-0.09184

53.48095;-2.23743

18.50012;-69.98857

53.48095;-2.23743

56.33871;-2.79902

33.34058;44.40088

41.89474;12.4839

51.50853;-0.12574

52.04172;-0.75583

42.22926;-72.73009

53.48095;-2.23743

-8.05389;-34.88111

55.86515;-4.25763

33.34058;44.40088

51.50853;-0.12574

53.33306;-6.24889

51.81265;-0.02832

29.61523;-99.52699

33.34058;44.40088

33.34058;44.40088

33.34058;44.40088

51.50853;-0.12574

52.13459;-0.46632

53.48095;-2.23743

53.33306;-6.24889

33.34058;44.40088

51.51279;-0.09184

38.71667;-9.13333

33.34058;44.40088

54.68916;25.2798

12.00012;8.51672

33.96095;-83.37794

51.51279;-0.09184

42.33343;-71.04949

19.42847;-99.12766

33.34058;44.40088

52.40656;-1.51217

33.34058;44.40088

33.34058;44.40088

-26.20227;28.04363

33.34058;44.40088

53.26023;-2.12564

33.34058;44.40088

33.34058;44.40088

33.34058;44.40088

53.48095;-2.23743

33.34058;44.40088

33.34058;44.40088

33.34058;44.40088

33.34058;44.40088

33.34058;44.40088

34.43667;35.84972

51.50853;-0.12574

53.48095;-2.23743

50.82838;-0.13947

33.34058;44.40088

53.41058;-2.97794

33.34058;44.40088

42.35843;-71.05977

-6.4;106.81861

53.40979;-2.15761

33.34058;44.40088

55.05045;-6.95074

33.34058;44.40088

55.65018;-4.80659

-32.92715;151.77647

-35.11428;-71.28232

33.34058;44.40088

4.88447;-1.75536

19.42847;-99.12766

52.62783;1.29834

54.69229;-6.66956

33.34058;44.40088

34.43667;35.84972

33.34058;44.40088

33.34058;44.40088

43.37135;-8.396

33.34058;44.40088

-7.78278;110.36083

-32.92715;151.77647

41.57565;-72.33203

51.55551;5.0913

55.95206;-3.19648

33.34058;44.40088

-24.65451;25.90859

33.34058;44.40088

29.36972;47.97833

33.34058;44.40088

-21.1775;-47.81028

52.9536;-1.15047

53.48095;-2.23743

53.40979;-2.15761

55.13333;-6.66667

33.34058;44.40088

53.48095;-2.23743

14.53333;100.91667

54.15;-4.48333

55.65333;-4.70666

33.34058;44.40088

53.33306;-6.24889

51.88921;0.90421

33.34058;44.40088

33.34058;44.40088

14.0818;-87.20681

53.99078;-1.5373

59.33258;18.0649

33.34058;44.40088

53.48095;-2.23743

53.38297;-1.4659

33.34058;44.40088

53.99078;-1.5373

33.34058;44.40088

31.95653;-99.96231

53.48095;-2.23743

52.33049;-0.18651

33.34058;44.40088

33.34058;44.40088

33.34058;44.40088

53.48095;-2.23743

19.07283;72.88261

33.34058;44.40088

33.34058;44.40088

40.56233;-74.13986

33.34058;44.40088

33.34058;44.40088

53.50484;-2.16568

50.37153;-4.14305

33.34058;44.40088

33.34058;44.40088

33.34058;44.40088

33.34058;44.40088

43.3601;-80.31269

33.34058;44.40088

33.34058;44.40088

-33.92584;18.42322

55.75222;37.61556

33.34058;44.40088

33.34058;44.40088

5.6360545;-0.106812

33.34058;44.40088

33.34058;44.40088

33.34058;44.40088

33.34058;44.40088

33.34058;44.40088

52.48142;-1.89983

-6.21462;106.84513

33.34058;44.40088

33.34058;44.40088

33.34058;44.40088

1.35096988;103.69909333

33.34058;44.40088

51.57130585;-0.39628138

53.48095;-2.23743

1.28967;103.85007

33.34058;44.40088

53.48095;-2.23743

33.34058;44.40088

33.34058;44.40088

-32.92715;151.77647

33.34058;44.40088

33.34058;44.40088

33.34058;44.40088

33.34058;44.40088

-15.77972;-47.92972

33.34058;44.40088

43.93667;12.44639

-23.5475;-46.63611

33.34058;44.40088

33.34058;44.40088

42.28337;-8.6096

53.53333;-7.35

53.48095;-2.23743

34.00071;-81.03481

33.34058;44.40088

33.34058;44.40088

53.63333;-8.18333

53.48095;-2.23743

51.94612;-3.38887

36.16589;-86.78444

33.34058;44.40088

33.34058;44.40088

54.68916;25.2798

40.96882;-5.66388

33.34058;44.40088

53.33306;-6.24889

33.34058;44.40088

33.34058;44.40088

43.70011;-79.4163

33.34058;44.40088

33.34058;44.40088

-6.21462;106.84513

51.51279;-0.09184

33.34058;44.40088

53.41058;-2.97794

51.55085;0.02369

33.34058;44.40088

33.34058;44.40088

33.34058;44.40088

53.41058;-2.97794

19.07283;72.88261

33.34058;44.40088

33.34058;44.40088

33.34058;44.40088

36.09719;-115.14666

33.34058;44.40088

33.34058;44.40088

55.69234;37.3419

7.41251;-7.55383

33.34058;44.40088

51.50853;-0.12574

33.34058;44.40088

12.00012;8.51672

52.66472;-8.62306

41.85003;-87.65005

31.21564;29.95527

53.48095;-2.23743

33.34058;44.40088

-6.21462;106.84513

53.48095;-2.23743

51.44083;5.47778

33.34058;44.40088

53.45877963;-1.98274934

33.34058;44.40088

53.48095;-2.23743

-6.21462;106.84513

33.34058;44.40088

15.58333;-61.46667

35.8881;-5.31283

53.48095;-2.23743

37.56826;126.97783

33.34058;44.40088

9.06853;7.48375

33.34058;44.40088

52.40656;-1.51217

42.98339;-81.23304

54.68916;25.2798

33.34058;44.40088

27.16224;-13.20315

33.34058;44.40088

33.34058;44.40088

33.34058;44.40088

33.34058;44.40088

55.86515;-4.25763

-6.21462;106.84513

-35.84667;-71.59308

53.39254;-2.58024

34.00071;-81.03481

53.40979;-2.15761

33.34058;44.40088

51.50853;-0.12574

53.39003853;-6.4137165

-6.90389;107.61861

53.41058;-2.97794

-26.91944;-49.06611

33.34058;44.40088

43.34667932;-97.4392396

51.50853;-0.12574

33.34058;44.40088

33.34058;44.40088

33.34058;44.40088

33.34058;44.40088

51.65531;-0.39602

53.48095;-2.23743

-37.814;144.96332

-6.21462;106.84513

33.34058;44.40088

33.34058;44.40088

55.86515;-4.25763

33.34058;44.40088

51.51279;-0.09184

33.34058;44.40088

33.34058;44.40088

33.34058;44.40088

52.18935;-2.22001

42.36954;-71.94813

53.48095;-2.23743

33.34058;44.40088

-27.81611;-50.32611

51.50853;-0.12574

33.34058;44.40088

33.34058;44.40088

33.34058;44.40088

52.25;-0.88333

51.48333;-0.6

51.86568;-2.2431

14.60892;-61.07334

38.34517;-0.48149

51.86568;-2.2431

53.48095;-2.23743

54.27966;-0.40443

15.61444;-87.95302

33.34058;44.40088

33.34058;44.40088

52.48142;-1.89983

53.48095;-2.23743

19.07283;72.88261

1.28967;103.85007

34.05223;-118.24368

33.34058;44.40088

13.06092;5.23902

33.34058;44.40088

33.34058;44.40088

30.43826;-84.28073

-6.8694;109.1402

12.00012;8.51672

55.94433;-4.57061

53.48095;-2.23743

34.68387;-86.64764

53.48095;-2.23743

33.34058;44.40088

52.774;-1.55744

33.34058;44.40088

53.48095;-2.23743

51.9;-2.08333

34.00071;-81.03481

33.34058;44.40088

53.79648;-1.54785

51.50853;-0.12574

51.75;-0.33333

53.48095;-2.23743

33.34058;44.40088

53.33306;-6.24889

33.34058;44.40088

51.45523;-2.59665

53.48095;-2.23743

33.34058;44.40088

33.34058;44.40088

33.34058;44.40088

-6.9932;110.4203

33.34058;44.40088

33.34058;44.40088

33.34058;44.40088

33.34058;44.40088

54.58333;-5.93333

33.97918;-118.03284

59.91273;10.74609

33.34058;44.40088

53.48095;-2.23743

33.34058;44.40088

33.34058;44.40088

38.71667;-9.13333

19.42847;-99.12766

25.77427;-80.19366

33.34058;44.40088

52.48142;-1.89983

33.34058;44.40088

37.69224;-97.33754

33.34058;44.40088

54.97328;-1.61396

33.34058;44.40088

53.33306;-6.24889

33.34058;44.40088

51.06513;-1.3187

33.34058;44.40088

52.27264;8.0498

33.34058;44.40088

3.03333;101.45

33.34058;44.40088

55.86515;-4.25763

33.34058;44.40088

53.48095;-2.23743

40.71427;-74.00597

52.6386;-1.13169

25.27932;51.52245

53.33306;-6.24889

33.34058;44.40088

53.48095;-2.23743

54.68916;25.2798

53.48509546;-2.24680418

41.85003;-87.65005

52.39374321;-1.23464686

52.4752;1.75159

55.86515;-4.25763

33.34058;44.40088

53.75;-2.48333

55.86515;-4.25763

51.44162;0.14866

52.39857;0.25811

33.34058;44.40088

33.34058;44.40088

53.48095;-2.23743

33.34058;44.40088

52.25;-0.88333

33.34058;44.40088

33.34058;44.40088

33.34058;44.40088

53.26023;-2.12564

33.34058;44.40088

-5.14;119.4221

33.34058;44.40088

-31.77194;-52.3425

33.34058;44.40088

53.75379;-2.35863

33.34058;44.40088

33.34058;44.40088

8.9936;-79.51973

33.34058;44.40088

52.76;-8.89556

55.95206;-3.19648

51.50853;-0.12574

53.76667;-2.71667

0.31628;32.58219

-17.73111;-49.09944

34.23314;-102.41075

53.48095;-2.23743

50.79899;-1.09125

33.34058;44.40088

51.89797;-8.47061

51.38914;0.54863

33.34058;44.40088

33.34058;44.40088

53.79648;-1.54785

33.34058;44.40088

33.34058;44.40088

33.34058;44.40088

55.76667;-4.16667

33.34058;44.40088

41.01384;28.94966

53.48095;-2.23743

33.34058;44.40088

53.48095;-2.23743

33.34058;44.40088

-29.8579;31.0292

53.48095;-2.23743

33.34058;44.40088

33.34058;44.40088

33.34058;44.40088

33.34058;44.40088

33.34058;44.40088

54.8951;-2.9382

51.62907;-0.74934

51.51279;-0.09184

-7.70583;110.60639

41.01384;28.94966

40.71427;-74.00597

33.34058;44.40088

53.76667;-2.71667

-6.21462;106.84513

33.34058;44.40088

43.5789;-79.6583

34.16233;-83.67795

53.33306;-6.24889

53.55014;-113.46871

33.34058;44.40088

9.75;-63.17667

40.71427;-74.00597

42.277934;-83.732855

33.34058;44.40088

53.48095;-2.23743

27.90141;-81.58591

-31.4135;-64.18105

33.34058;44.40088

33.34058;44.40088

52.2;0.11667

-15.77972;-47.92972

33.34058;44.40088

33.34058;44.40088

33.34058;44.40088

33.34058;44.40088

-35.28346;149.12807

33.34058;44.40088

51.50853;-0.12574

54.98839;-3.25647

33.34058;44.40088

51.50853;-0.12574

-33.86785;151.20732

33.34058;44.40088

33.34058;44.40088

33.34058;44.40088

34.13473;-116.31307

33.34058;44.40088

12.00012;8.51672

12.00012;8.51672

-25.33968;-57.50879

33.34058;44.40088

52.29701861;-1.93148536

53.48095;-2.23743

51.56844;0.45782

33.34058;44.40088

34.09834;-118.32674

51.51279;-0.09184

24.46667;54.36667

53.7446;-0.33525

53.30182;-1.12404

33.34058;44.40088

19.42847;-99.12766

33.34058;44.40088

33.34058;44.40088

52.58547;-2.12296

33.34058;44.40088

51.50853;-0.12574

34.23314;-102.41075

33.34058;44.40088

44.05207;-123.08675

7.38778;3.89639

-7.15389;112.65611

53.48095;-2.23743

33.34058;44.40088

33.34058;44.40088

33.34058;44.40088

39.76838;-86.15804

33.34058;44.40088

-35.84667;-71.59308

53.48095;-2.23743

-33.45694;-70.64827

-7.78278;110.36083

40.2737;-76.88442

56.10982;-3.16149

53.48095;-2.23743

33.34058;44.40088

-23.5475;-46.63611

34.05223;-118.24368

33.34058;44.40088

41.8806172;-87.67411709

-6.21462;106.84513

-12.80243;28.21323

33.34058;44.40088

53.48095;-2.23743

33.34058;44.40088

33.34058;44.40088

42.98339;-81.23304

33.34058;44.40088

54.58333;-5.93333

-12.80243;28.21323

51.50853;-0.12574

53.48095;-2.23743

-26.20227;28.04363

43.04812;-76.14742

51.86568;-2.2431

51.886;-0.52099

1.28967;103.85007

51.50853;-0.12574

33.34058;44.40088

-32.035;-52.09861

53.48095;-2.23743

33.34058;44.40088

33.34058;44.40088

40.44062;-79.99589

-8.0764;111.70641

-6.9932;110.4203

33.34058;44.40088

33.34058;44.40088

51.50853;-0.12574

33.34058;44.40088

40.4165;-3.70256

-6.21462;106.84513

-26.68164;153.11925

33.34058;44.40088

53.48095;-2.23743

33.34058;44.40088

33.34058;44.40088

33.34058;44.40088

53.48095;-2.23743

33.34058;44.40088

33.34058;44.40088

53.39337;-3.01479

33.34058;44.40088

52.9536;-1.15047

33.34058;44.40088

33.34058;44.40088

33.34058;44.40088

33.34058;44.40088

33.34058;44.40088

33.34058;44.40088

53.34174;-2.73124

33.34058;44.40088

53.39254;-2.58024

33.34058;44.40088

19.05;-98.2

38.89511;-77.03637

33.34058;44.40088

33.34058;44.40088

53.26023;-2.12564

33.34058;44.40088

-2.18194;-79.89167

53.48095;-2.23743

36.68645;-6.13606

-7.7673;110.40915

33.34058;44.40088

43.26271;-2.92528

-8.5413;115.12522

33.34058;44.40088

53.20278;-6.09833

12.00012;8.51672

40.71427;-74.00597

33.34058;44.40088

33.34058;44.40088

51.50853;-0.12574

33.34058;44.40088

33.34058;44.40088

53.27389;-7.48889

33.34058;44.40088

53.33306;-6.24889

33.34058;44.40088

33.34058;44.40088

40.71427;-74.00597

33.34058;44.40088

32.46181;-90.11536

33.34058;44.40088

12.00012;8.51672

-33.86785;151.20732

33.34058;44.40088

34.05223;-118.24368

52.37403;4.88969

50.72048;-1.8795

51.36667;-0.01667

51.50853;-0.12574

33.34058;44.40088

51.58571;0.60459

54.68916;25.2798

53.48095;-2.23743

33.34058;44.40088

-33.86785;151.20732

-6.21462;106.84513

33.34058;44.40088

53.61326;-2.34071

52.41669818;-4.0612161

33.34058;44.40088

33.34058;44.40088

33.34058;44.40088

33.34058;44.40088

33.34058;44.40088

53.53333;-2.61667

14.60892;-61.07334

33.34058;44.40088

51.50853;-0.12574

33.34058;44.40088

33.34058;44.40088

51.50853;-0.12574

33.34058;44.40088

52.80521;-2.11636

33.34058;44.40088

33.34058;44.40088

51.61863957;-0.05926822

53.48095;-2.23743

6.93194;79.84778

33.87807;-117.52088

53.39337;-3.01479

-31.4135;-64.18105

33.34058;44.40088

33.34058;44.40088

52.39836;-0.72571

37.9777;-120.3613

25.77427;-80.19366

53.42948;-2.80031

33.34058;44.40088

33.34058;44.40088

33.34058;44.40088

53.40979;-2.15761

33.34058;44.40088

33.34058;44.40088

33.34058;44.40088

13.27136;-16.64944

-41.28664;174.77557

33.34058;44.40088

36.14474;-5.35257

53.64904;-1.78416

33.34058;44.40088

29.76328;-95.36327

52.25833;-7.11194

41.49899;-72.90066

42.14616;41.67197

33.34058;44.40088

33.34058;44.40088

-6.21462;106.84513

42.00833;-91.64407

33.34058;44.40088

33.34058;44.40088

25.98731;-80.23227

33.34058;44.40088

-33.86785;151.20732

33.34058;44.40088

-27.46794;153.02809

53.48095;-2.23743

30.06263;31.24967

-34.09556;-56.21417

13.1;-59.61667

55.86515;-4.25763

27.94752;-82.45843

33.34058;44.40088

33.34058;44.40088

33.34058;44.40088

33.34058;44.40088

-1.45583;-48.50444

33.34058;44.40088

33.34058;44.40088

33.34058;44.40088

4.81333;-75.69611

51.50853;-0.12574

33.34058;44.40088

51.50853;-0.12574

33.34058;44.40088

33.34058;44.40088

36.09719;-115.14666

33.34058;44.40088

33.34058;44.40088

14.6042;120.9822

55.18132;-6.71402

33.34058;44.40088

52.9536;-1.15047

52.66472;-8.62306

33.34058;44.40088

53.48095;-2.23743

-23.44417;-46.91778

33.34058;44.40088

33.34058;44.40088

53.76987;-0.60107

33.34058;44.40088

33.50921;-111.89903

50.82838;-0.13947

33.34058;44.40088

33.34058;44.40088

33.34058;44.40088

55.13152127;-1.58477455

27.90141;-81.58591

34.00071;-81.03481

33.34058;44.40088

53.33306;-6.24889

40.78343;-73.96625

33.34058;44.40088

53.39254;-2.58024

-8.05389;-34.88111

33.34058;44.40088

53.41058;-2.97794

53.33306;-6.24889

53.48095;-2.23743

53.79391;-1.75206

51.50853;-0.12574

48.85341;2.3488

53.33306;-6.24889

53.41058;-2.97794

50.88050803;-2.79483229

53.48095;-2.23743

42.98339;-81.23304

40.6959;-80.01173

33.34058;44.40088

51.9;-2.08333

53.41058;-2.97794

43.23333;-2.83333

25.04776;121.53185

33.34058;44.40088

33.34058;44.40088

33.34058;44.40088

33.34058;44.40088

53.41058;-2.97794

-21.1775;-47.81028

33.34058;44.40088

53.20278;-6.09833

33.34058;44.40088

51.88921;0.90421

33.34058;44.40088

33.34058;44.40088

33.34058;44.40088

33.34058;44.40088

51.50853;-0.12574

33.34058;44.40088

33.34058;44.40088

34.05223;-118.24368

33.34058;44.40088

33.34058;44.40088

46.87918;-102.78962

53.48517574;-2.24667492

53.48095;-2.23743

34.69374;135.50218

52.48142;-1.89983

33.34058;44.40088

54.90465;-1.38222

33.34058;44.40088

33.34058;44.40088

55.86515;-4.25763

1.28967;103.85007

-24.95583;-53.45528

18.45962;-77.3357

-8.16604;113.70317

40.76694;29.91694

54.37748;-1.72232

-25.74486;28.18783

55.05028;-8.23194

53.48095;-2.23743

32.71533;-117.15726

49.81079;12.43318

33.34058;44.40088

53.48095;-2.23743

33.34058;44.40088

33.34058;44.40088

53.48095;-2.23743

51.50853;-0.12574

53.48095;-2.23743

52.44639;-9.485

33.34058;44.40088

33.34058;44.40088

54.17841;-6.33739

10.52224;7.43828

49.81079;12.43318

33.34058;44.40088

53.48095;-2.23743

33.34058;44.40088

33.34058;44.40088

-26.20227;28.04363

51.50853;-0.12574

-7.3274;108.2207

53.48095;-2.23743

33.34058;44.40088

8.35122;-62.64102

33.34058;44.40088

33.34058;44.40088

51.44162;0.14866

33.34058;44.40088

33.34058;44.40088

33.34058;44.40088

41.01384;28.94966

-6.21462;106.84513

33.34058;44.40088

16.01793;-16.48962

33.34058;44.40088

33.34058;44.40088

53.51083;-6.42722

52.62783;1.29834

36.68645;-6.13606

51.85552;-4.30535

33.34058;44.40088

6.68848;-1.62443

44.84044;-0.5805

7.12539;-73.1198

33.34058;44.40088

6.68848;-1.62443

53.48095;-2.23743

-5.14;119.4221

33.34058;44.40088

51.50853;-0.12574

54.97328;-1.61396

53.33306;-6.24889

33.34058;44.40088

54.17841;-6.33739

-6.21462;106.84513

8.74798;-75.88143

33.34058;44.40088

33.34058;44.40088

44.9429;-123.0351

33.34058;44.40088

27.91818;-110.89973

9.06853;7.48375

44.84044;-0.5805

-7.55611;110.83167

40.24566;-74.846

53.48095;-2.23743

33.34058;44.40088

-6.9932;110.4203

4.88447;-1.75536

39.34204;-78.75668

33.34058;44.40088

-27.59667;-48.54917

36.16589;-86.78444

34.43667;35.84972

51.50853;-0.12574

33.34058;44.40088

33.34058;44.40088

33.34058;44.40088

53.48095;-2.23743

33.34058;44.40088

33.34058;44.40088

33.34058;44.40088

33.34058;44.40088

20.72356;-103.38479

44.84044;-0.5805

37.97798;-122.03107

33.34058;44.40088

33.34058;44.40088

9.06853;7.48375

43.70011;-79.4163

33.34058;44.40088

-6.90389;107.61861

6.5200419;3.3848465

33.34058;44.40088

33.34058;44.40088

53.79648;-1.54785

33.34058;44.40088

54.35486;-6.41396

54.58333;-5.93333

59.33258;18.0649

53.47677706;-2.24941313

33.34058;44.40088

52.58547;-2.12296

-29.8579;31.0292

33.34058;44.40088

33.34058;44.40088

51.50853;-0.12574

-6.90389;107.61861

33.34058;44.40088

51.50853;-0.12574

52.52437;13.41053

33.34058;44.40088

51.50853;-0.12574

53.39254;-2.58024

53.33306;-6.24889

33.34058;44.40088

22.15;-100.98333

33.34058;44.40088

33.34058;44.40088

10.63167;-71.64056

33.34058;44.40088

-23.5475;-46.63611

33.34058;44.40088

33.34058;44.40088

33.34058;44.40088

33.34058;44.40088

41.85003;-87.65005

33.34058;44.40088

33.34058;44.40088

53.7446;-0.33525

53.48095;-2.23743

33.34058;44.40088

51.88921;0.90421

53.48095;-2.23743

53.48095;-2.23743

10.07389;-69.32278

51.50853;-0.12574

33.34058;44.40088

33.34058;44.40088

33.34058;44.40088

37.77493;-122.41942

-6.90389;107.61861

33.34058;44.40088

33.34058;44.40088

33.34058;44.40088

33.34058;44.40088

14.6042;120.9822

34.03715;-4.9998

-6.21462;106.84513

33.34058;44.40088

12.00012;8.51672

-6.90389;107.61861

33.34058;44.40088

13.86075;100.51477

28.38612;-80.742

40.32718;-3.7635

52.97633;-0.02664

-6.21462;106.84513

1.28967;103.85007

33.34058;44.40088

-7.81667;112.01667

33.34058;44.40088

53.48095;-2.23743

33.34058;44.40088

10.52224;7.43828

33.34058;44.40088

33.34058;44.40088

52.48142;-1.89983

53.48095;-2.23743

53.68456;-2.2769

33.34058;44.40088

52.48142;-1.89983

33.34058;44.40088

40.76694;29.91694

33.34058;44.40088

51.50853;-0.12574

33.34058;44.40088

53.48095;-2.23743

33.34058;44.40088

33.34058;44.40088

33.34058;44.40088

33.34058;44.40088

53.48095;-2.23743

6.61271;3.37738

53.41058;-2.97794

33.34058;44.40088

53.48095;-2.23743

51.50853;-0.12574

53.48095;-2.23743

53.48095;-2.23743

18.50012;-69.98857

52.90771;-1.45285

51.50853;-0.12574

59.37433122;13.51575836

33.34058;44.40088

33.34058;44.40088

51.50853;-0.12574

38.62727;-90.19789

51.50853;-0.12574

33.34058;44.40088

51.87967;-0.41748

33.34058;44.40088

12.00012;8.51672

-34.61315;-58.37723

34.05223;-118.24368

53.33306;-6.24889

51.50853;-0.12574

53.48095;-2.23743

34.1064;-117.59311

33.34058;44.40088

33.34058;44.40088

-1.26753;116.82887

55.86515;-4.25763

41.89474;12.4839

33.34058;44.40088

33.34058;44.40088

38.89511;-77.03637

13.1;-59.61667

53.48095;-2.23743

33.34058;44.40088

21.51694;39.21917

33.34058;44.40088

54.52429;-1.55039

49.84527;18.43011

-0.30907;100.37055

33.34058;44.40088

-6.21462;106.84513

50.40808;-4.83373

33.34058;44.40088

38.25424;-85.75941

41.49899;-72.90066

33.34058;44.40088

33.34058;44.40088

33.34058;44.40088

33.34058;44.40088

51.63928;-0.47295

34.05223;-118.24368

53.79391;-1.75206

-22.9168415;-43.2546886

-37.814;144.96332

33.34058;44.40088

33.34058;44.40088

-0.5;117.15

54.68916;25.2798

53.7446;-0.33525

53.48095;-2.23743

40.85843;-74.16376

33.34058;44.40088

-6.90389;107.61861

33.34058;44.40088

33.34058;44.40088

33.34058;44.40088

53.48771;-2.29042

-33.92584;18.42322

3.1412;101.68653

41.01384;28.94966

33.34058;44.40088

33.34058;44.40088

33.34058;44.40088

37.77493;-122.41942

33.34058;44.40088

52.3;-1.53333

33.34058;44.40088

33.34058;44.40088

-6.21462;106.84513

45.50884;-73.58781

33.34058;44.40088

33.34058;44.40088

33.34058;44.40088

53.48095;-2.23743

19.42847;-99.12766

51.9;-2.08333

33.34058;44.40088

33.34058;44.40088

33.34058;44.40088

33.34058;44.40088

51.50853;-0.12574

51.51279;-0.09184

55.86515;-4.25763

33.34058;44.40088

19.42847;-99.12766

51.51279;-0.09184

49.83583;6.29167

33.34058;44.40088

33.34058;44.40088

33.34058;44.40088

51.08022;-4.05808

33.34058;44.40088

33.34058;44.40088

38.71667;-9.13333

60.39299;5.32415

33.34058;44.40088

33.34058;44.40088

53.77995;20.49416

53.48095;-2.23743

53.48095;-2.23743

51.55295;0.55962

51.87967;-0.41748

5.6698;-0.01657

24.9056;67.0822

33.34058;44.40088

33.34058;44.40088

33.34058;44.40088

33.34058;44.40088

53.20832;-2.9253

51.50853;-0.12574

52.27042;-9.70264

-8.65;115.21667

-6.21462;106.84513

33.34058;44.40088

43.68341;-79.76633

50.90395;-1.40428

53.48095;-2.23743

12.00012;8.51672

53.48095;-2.23743

51.41082;-0.6748

33.34058;44.40088

33.34058;44.40088

53.79648;-1.54785

17.99702;-76.79358

51.51279;-0.09184

33.34058;44.40088

33.34058;44.40088

52.18935;-2.22001

41.76371;-72.68509

57.05168;-2.48824

33.34058;44.40088

33.34058;44.40088

10.52224;7.43828

50.82838;-0.13947

34.23314;-102.41075

33.34058;44.40088

13.35;74.78333

46.5;-1.78333

54.97328;-1.61396

20.6;-100.38333

51.50853;-0.12574

-2.18194;-79.89167

33.34058;44.40088

-32.33333;151.45

33.34058;44.40088

33.34058;44.40088

54.26312;-5.60981

42.73254;-84.55553

37.76748;-3.95776

51.50853;-0.12574

33.34058;44.40088

52.2459755;-0.29575512

32.71533;-117.15726

55.86515;-4.25763

53.48095;-2.23743

53.33306;-6.24889

50.90395;-1.40428

-21.1775;-47.81028

-23.4882993;-46.7957699

10.63167;-71.64056

-6.21462;106.84513

53.33306;-6.24889

33.34058;44.40088

33.34058;44.40088

33.34058;44.40088

40.71427;-74.00597

51.44352;0.21964

53.40979;-2.15761

6.45306;3.39583

50.72048;-1.8795

43.68341;-79.76633

-7.4478;112.7183

33.34058;44.40088

51.50853;-0.12574

33.34058;44.40088

33.34058;44.40088

1.28967;103.85007

53.71667;-1.85

51.48;-3.18

53.33306;-6.24889

33.34058;44.40088

36.68645;-6.13606

-8.65;115.21667

33.749;-84.38798

33.34058;44.40088

21.17429;-86.84656

55.86515;-4.25763

33.34058;44.40088

-7.23056;-35.88111

33.34058;44.40088

33.34058;44.40088

40.71427;-74.00597

53.38297;-1.4659

50.20861;-5.4875

54.61657;-1.05999

53.76667;-2.71667

30.06263;31.24967

33.34058;44.40088

23.61387;58.5922

51.48;-3.18

33.34058;44.40088

6.45306;3.39583

53.48095;-2.23743

33.34058;44.40088

33.34058;44.40088

53.38297;-1.4659

33.34058;44.40088

33.34058;44.40088

33.34058;44.40088

33.34058;44.40088

33.34058;44.40088

-33.92584;18.42322

34.5;133.5

30.50826;-97.6789

33.34058;44.40088

-25.74486;28.18783

-34.83346;-56.16735

53.48095;-2.23743

51.86435793;-2.22597649

14.6042;120.9822

33.34058;44.40088

33.34058;44.40088

-1.94995;30.05885

53.47865;-2.14263

33.34058;44.40088

33.34058;44.40088

33.34058;44.40088

40.4165;-3.70256

33.34058;44.40088

51.51279;-0.09184

51.50853;-0.12574

53.33306;-6.24889

19.42847;-99.12766

33.34058;44.40088

33.34058;44.40088

33.34058;44.40088

19.07283;72.88261

51.50853;-0.12574

34.00071;-81.03481

30.33441;-81.3987

53.1905;-2.89189

33.34058;44.40088

33.34058;44.40088

33.34058;44.40088

48.85341;2.3488

53.32803;-2.23148

51.26249;-1.08708

-6.21462;106.84513

51.50853;-0.12574

40.4165;-3.70256

33.34058;44.40088

45.46427;9.18951

53.23504478;-0.51952643

41.74697;-88.05034

33.34058;44.40088

53.44426809;-2.42295918

8.06667;-81.36667

6.45306;3.39583

53.41058;-2.97794

33.34058;44.40088

33.34058;44.40088

42.98339;-81.23304

33.34058;44.40088

51.73575;0.46958

53.47497;-2.08809

33.34058;44.40088

-12.97111;-38.51083

33.34058;44.40088

53.79648;-1.54785

53.79648;-1.54785

33.34058;44.40088

-29.8579;31.0292

33.34058;44.40088

44.67134;-63.57719

33.34058;44.40088

-15.77972;-47.92972

51.79588;-0.07854

-7.55611;110.83167

52.98333;-1.98333

33.34058;44.40088

54.25;-6.96667

34.0531;-6.79846

-34.09556;-56.21417

51.50853;-0.12574

43.60426;1.44367

33.34058;44.40088

42.73254;-84.55553

52.05917;1.15545

33.34058;44.40088

33.34058;44.40088

51.44162;0.14866

25.77427;-80.19366

54.9981;-7.30934

33.34058;44.40088

53.48095;-2.23743

17.99702;-76.79358

33.34058;44.40088

33.34058;44.40088

53.48095;-2.23743

33.34058;44.40088

-1.26753;116.82887

51.50853;-0.12574

41.13394;-81.48456

52.91149;-0.64184

-22.90278;-43.2075

33.34058;44.40088

12.00012;8.51672

33.34058;44.40088

53.38297;-1.4659

33.34058;44.40088

52.65417;-7.25222

53.48095;-2.23743

51.62127;0.30556

39.96118;-82.99879

53.48095;-2.23743

33.34058;44.40088

-7.78278;110.36083

33.34058;44.40088

-33.92584;18.42322

52.6386;-1.13169

33.34058;44.40088

33.34058;44.40088

33.34058;44.40088

53.68331;-1.49768

33.34058;44.40088

53.48095;-2.23743

52.40692;16.92993

33.34058;44.40088

51.27904;1.07992

23.7104;90.40744

25.57233;-80.32533

-29.12106;26.214

-34.61315;-58.37723

33.34058;44.40088

33.34058;44.40088

33.749;-84.38798

51.48;-3.18

53.34174;-2.73124

33.34058;44.40088

33.34058;44.40088

53.48095;-2.23743

6.25184;-75.56359

52.99826;-0.40941

33.34058;44.40088

51.37795;-2.35907

51.36217;-0.09421

54.61657;-1.05999

6.45306;3.39583

52.62783;1.29834

33.34058;44.40088

10.63167;-71.64056

41.85003;-87.65005

39.11578229;-94.61993498

33.34058;44.40088

51.89797;-8.47061

51.51279;-0.09184

53.38297;-1.4659

33.34058;44.40088

12.05;-68.81667

33.34058;44.40088

36.15398;-95.99278

33.34058;44.40088

41.8806172;-87.67411709

41.85003;-87.65005

33.34058;44.40088

9.06853;7.48375

33.34058;44.40088

51.51279;-0.09184

35.6895;139.69171

53.76987;-0.60107

33.34058;44.40088

33.34058;44.40088

54.0;-6.41667

51.51279;-0.09184

33.34058;44.40088

54.58333;-5.93333

33.34058;44.40088

17.99702;-76.79358

53.48095;-2.23743

33.34058;44.40088

52.4752;1.75159

33.34058;44.40088

52.7;-2.48333

33.34058;44.40088

33.34058;44.40088

33.34058;44.40088

-19.76972;-43.85139

52.05917;1.15545

51.36217;-0.09421

10.63167;-71.64056

-33.75757;25.3971

33.34058;44.40088

40.71427;-74.00597

-7.78278;110.36083

-34.61315;-58.37723

-6.59444;106.78917

33.34058;44.40088

39.755;8.90694

41.63622;-70.9342

49.9;2.3

51.50853;-0.12574

-6.7063;108.557

33.34058;44.40088

54.11667;-3.23333

29.76328;-95.36327

33.34058;44.40088

51.06395;-0.32719

29.76328;-95.36327

41.85003;-87.65005

19.61725;-99.06601

33.34058;44.40088

38.71667;-9.13333

33.34058;44.40088

23.7104;90.40744

-19.46833;-42.53667

33.34058;44.40088

33.34058;44.40088

53.26023;-2.12564

33.34058;44.40088

53.48095;-2.23743

29.42412;-98.49363

40.37767;49.89201

33.34058;44.40088

13.86075;100.51477

42.00833;-91.64407

33.34058;44.40088

35.222;-101.8313

51.50853;-0.12574

43.4668;-80.51639

33.34058;44.40088

-6.26583;106.55639

51.51279;-0.09184

33.34058;44.40088

10.63167;-71.64056

33.34058;44.40088

52.41667;0.75

33.34058;44.40088

33.34058;44.40088

33.34058;44.40088

33.34058;44.40088

33.34058;44.40088

33.34058;44.40088

42.07732;-71.62951

51.50853;-0.12574

33.34058;44.40088

-32.92715;151.77647

38.89511;-77.03637

-5.42544;105.25803

52.58547;-2.12296

33.34058;44.40088

9.06853;7.48375

54.68916;25.2798

10.75;106.66667

51.36217;-0.09421

33.34058;44.40088

40.71427;-74.00597

1.28967;103.85007

51.51279;-0.09184

33.34058;44.40088

33.34058;44.40088

5.5577;95.3222

59.91667;11.43333

33.34058;44.40088

34.00071;-81.03481

24.68773;46.72185

33.34058;44.40088

33.34058;44.40088

-7.42139;109.23444

33.34058;44.40088

53.48095;-2.23743

53.26999207;-3.50871077

33.34058;44.40088

53.48095;-2.23743

33.34058;44.40088

33.34058;44.40088

53.48095;-2.23743

53.48095;-2.23743

33.34058;44.40088

43.15478;-77.61556

1.28967;103.85007

23.13302;-82.38304

51.45523;-2.59665

33.34058;44.40088

36.15252083;-81.64596104

-23.5475;-46.63611

53.32803;-2.23148

52.04172;-0.75583

53.48095;-2.23743

53.48095;-2.23743

33.34058;44.40088

53.48095;-2.23743

51.50853;-0.12574

10.52224;7.43828

53.48095;-2.23743

33.34058;44.40088

33.34058;44.40088

56.96365;-2.21177

-2.91673;104.7458

43.924;23.17917

51.50853;-0.12574

-0.5;117.15

33.34058;44.40088

53.33306;-6.24889

52.6386;-1.13169

33.34058;44.40088

60.39299;5.32415

52.40656;-1.51217

10.63167;-71.64056

33.34058;44.40088

53.48095;-2.23743

33.34058;44.40088

33.34058;44.40088

-7.11282;112.16354

33.34058;44.40088

33.34058;44.40088

33.34058;44.40088

38.62727;-90.19789

-6.21462;106.84513

33.34058;44.40088

33.34058;44.40088

53.48095;-2.23743

51.50853;-0.12574

33.34058;44.40088

33.34058;44.40088

53.33306;-6.24889

33.34058;44.40088

33.34058;44.40088

33.34058;44.40088

33.34058;44.40088

53.33306;-6.24889

53.48095;-2.23743

51.50853;-0.12574

45.01809;-74.72815

-23.5475;-46.63611

51.36217;-0.09421

12.00012;8.51672

-4.06667;37.73333

53.48095;-2.23743

33.34058;44.40088

33.34058;44.40088

4.60971;-74.08175

33.34058;44.40088

33.34058;44.40088

53.79648;-1.54785

33.34058;44.40088

-5.42544;105.25803

53.52327;-1.13691

35.82756;137.95378

43.70011;-79.4163

33.34058;44.40088

33.34058;44.40088

33.34058;44.40088

44.97997;-93.26384

49.43331;-2.35622

33.34058;44.40088

53.22683;-0.53792

43.29695;5.38107

33.34058;44.40088

34.23314;-102.41075

-15.77972;-47.92972

33.34058;44.40088

33.34058;44.40088

33.34058;44.40088

33.34058;44.40088

33.34058;44.40088

33.34058;44.40088

51.50853;-0.12574

33.34058;44.40088

33.34058;44.40088

33.34058;44.40088

40.71427;-74.00597

33.34058;44.40088

53.41058;-2.97794

33.34058;44.40088

33.34058;44.40088

33.34058;44.40088

33.34058;44.40088

33.34058;44.40088

33.34058;44.40088

53.41058;-2.97794

33.34058;44.40088

55.95206;-3.19648

51.51279;-0.09184

33.34058;44.40088

33.34058;44.40088

33.34058;44.40088

53.48095;-2.23743

33.34058;44.40088

33.34058;44.40088

33.34058;44.40088

39.76838;-86.15804

33.34058;44.40088

51.50853;-0.12574

33.34058;44.40088

-7.23056;-35.88111

33.34058;44.40088

50.82838;-0.13947

33.34058;44.40088

52.48142;-1.89983

34.05223;-118.24368

51.50853;-0.12574

33.34058;44.40088

30.26715;-97.74306

51.50853;-0.12574

53.61766;-2.1552

-6.21462;106.84513

33.34058;44.40088

-7.16008;112.61637

33.34058;44.40088

33.34058;44.40088

-6.21462;106.84513

33.34058;44.40088

51.51279;-0.09184

52.41667;0.75

53.48095;-2.23743

33.34058;44.40088

33.34058;44.40088

-7.9797;112.6304

33.34058;44.40088

53.48095;-2.23743

33.34058;44.40088

53.21583;-6.66694

33.34058;44.40088

54.86357;-6.27628

53.48095;-2.23743

33.34058;44.40088

33.34058;44.40088

33.34058;44.40088

33.34058;44.40088

33.34058;44.40088

33.34058;44.40088

33.34058;44.40088

33.34058;44.40088

53.32213;-0.94315

33.34058;44.40088

33.34058;44.40088

33.34058;44.40088

60.16804;10.25647

33.34058;44.40088

53.56507;-2.12267

43.70011;-79.4163

6.45306;3.39583

33.34058;44.40088

33.34058;44.40088

53.33306;-6.24889

33.34058;44.40088

6.4691788;3.2804042

33.34058;44.40088

33.34058;44.40088

33.34058;44.40088

33.34058;44.40088

33.34058;44.40088

33.34058;44.40088

33.34058;44.40088

33.34058;44.40088

53.48095;-2.23743

53.48095;-2.23743

51.50853;-0.12574

-31.4135;-64.18105

53.48095;-2.23743

51.75222;-1.25596

50.72048;-1.8795

33.34058;44.40088

33.34058;44.40088

51.44352;0.21964

33.34058;44.40088

42.99564;-71.45479

33.34058;44.40088

51.50853;-0.12574

24.9056;67.0822

33.34058;44.40088

54.97328;-1.61396

33.34058;44.40088

41.8806172;-87.67411709

51.51279;-0.09184

37.97798;-122.03107

33.34058;44.40088

33.34058;44.40088

53.76667;-2.71667

53.48095;-2.23743

33.34058;44.40088

-8.0657;111.9025

53.48095;-2.23743

33.34058;44.40088

4.88447;-1.75536

48.85341;2.3488

33.34058;44.40088

10.96389;-74.79639

33.34058;44.40088

52.9536;-1.15047

53.48095;-2.23743

12.00012;8.51672

47.65966;-117.42908

51.51279;-0.09184

42.23282;-8.72264

53.41058;-2.97794

33.34058;44.40088

53.39254;-2.58024

51.45523;-2.59665

18.21704;-63.05783

53.48095;-2.23743

7.38778;3.89639

53.48095;-2.23743

33.34058;44.40088

26.67058;-78.97537

41.38879;2.15899

33.34058;44.40088

24.46667;54.36667

52.67659;-2.44926

51.50853;-0.12574

33.34058;44.40088

33.34058;44.40088

-0.94924;100.35427

53.48095;-2.23743

33.34058;44.40088

51.50853;-0.12574

53.48095;-2.23743

33.34058;44.40088

33.34058;44.40088

10.13333;-64.7

53.40979;-2.15761

33.34058;44.40088

33.34058;44.40088

33.34058;44.40088

53.35;-2.11667

51.14586;0.87281

-7.24917;112.75083

-22.90278;-43.2075

33.34058;44.40088

33.34058;44.40088

53.76667;-2.71667

33.34058;44.40088

-6.21462;106.84513

33.34058;44.40088

51.51279;-0.09184

33.34058;44.40088

51.51279;-0.09184

33.34058;44.40088

33.34058;44.40088

33.34058;44.40088

33.34058;44.40088

6.00809;-58.30714

33.34058;44.40088

33.34058;44.40088

-6.21462;106.84513

-6.21462;106.84513

53.52327;-1.13691

33.34058;44.40088

33.34058;44.40088

33.34058;44.40088

51.50853;-0.12574

51.51279;-0.09184

33.34058;44.40088

51.50853;-0.12574

12.00012;8.51672

52.40692;16.92993

52.76667;-1.2

53.40979;-2.15761

33.34058;44.40088

50.37153;-4.14305

35.6895;139.69171

50.90395;-1.40428

33.34058;44.40088

33.34058;44.40088

33.34058;44.40088

33.34058;44.40088

54.57623;-1.23483

52.72247;-1.3702

6.45306;3.39583

33.34058;44.40088

20.11697;-98.73329

9.06853;7.48375

-1.6;103.61667

33.34058;44.40088

40.83333;14.25

33.34058;44.40088

50.40808;-4.83373

60.16804;10.25647

33.34058;44.40088

34.23314;-102.41075

38.62727;-90.19789

33.34058;44.40088

33.34058;44.40088

33.34058;44.40088

-12.04318;-77.02824

33.34058;44.40088

33.34058;44.40088

-6.21462;106.84513

-33.01529;27.91162

33.34058;44.40088

52.05917;1.15545

39.08333;-0.46667

51.51279;-0.09184

33.34058;44.40088

50.68596;-3.46696

53.47693;-2.59651

57.14369;-2.09814

49.98419;8.2791

33.34058;44.40088

33.34058;44.40088

51.51279;-0.09184

54.58333;-5.93333

33.34058;44.40088

-25.33968;-57.50879

51.48;-3.18

53.48095;-2.23743

-6.21462;106.84513

-34.64167;-60.47389

-15.77972;-47.92972

33.34058;44.40088

33.34058;44.40088

53.48095;-2.23743

52.65417;-7.25222

33.34058;44.40088

-6.21462;106.84513

4.88447;-1.75536

33.34058;44.40088

-6.21462;106.84513

33.34058;44.40088

53.48095;-2.23743

-17.82772;31.05337

10.80206158;106.70875819

33.34058;44.40088

-37.814;144.96332

31.78336;35.23388

59.33258;18.0649

51.89797;-8.47061

53.48095;-2.23743

33.34058;44.40088

-17.82772;31.05337

6.25184;-75.56359

52.6386;-1.13169

33.34058;44.40088

33.34058;44.40088

33.34058;44.40088

53.72536;-7.79823

53.41058;-2.97794

53.48095;-2.23743

53.41058;-2.97794

14.5678;121.1394

41.38879;2.15899

43.15969556;-85.84983964

52.9536;-1.15047

53.48095;-2.23743

33.34058;44.40088

53.59245;-2.21941

33.34058;44.40088

50.37153;-4.14305

33.34058;44.40088

33.34058;44.40088

33.34058;44.40088

33.34058;44.40088

51.50853;-0.12574

57.14369;-2.09814

33.34058;44.40088

52.6386;-1.13169

33.34058;44.40088

33.34058;44.40088

51.86568;-2.2431

53.48095;-2.23743

33.34058;44.40088

33.34058;44.40088

6.45306;3.39583

41.7001;-71.41617

37.77493;-122.41942

53.48095;-2.23743

33.34058;44.40088

-25.74486;28.18783

35.99403;-78.89862

33.34058;44.40088

20.95773;-97.40798

52.9536;-1.15047

33.34058;44.40088

33.34058;44.40088

33.34058;44.40088

-6.21462;106.84513

55.86515;-4.25763

33.34058;44.40088

53.58333;-2.43333

52.76667;-1.2

51.65531;-0.39602

53.48095;-2.23743

47.36667;8.55

53.85972;-6.54056

33.34058;44.40088

51.89797;-8.47061

51.39915;-0.2556

40.4165;-3.70256

56.5;-2.96667

-34.09556;-56.21417

-6.21462;106.84513

47.55343;-122.66458

52.60831;1.73052

51.48383;-0.09401

14.03483022;-60.92992317

-25.42778;-49.27306

33.34058;44.40088

33.34058;44.40088

53.76667;-2.71667

34.00071;-81.03481

33.34058;44.40088

39.46975;-0.37739

52.29139;-0.59923

55.95206;-3.19648

-1.6;103.61667

53.48095;-2.23743

43.5789;-79.6583

53.00415;-2.18538

-23.68611;-46.62278

-6.90389;107.61861

57.61125;-3.61078

33.34058;44.40088

52.25833;-7.11194

12.05;-68.81667

33.75566;-96.53666

54.48774;-0.61498

6.45306;3.39583

-6.90389;107.61861

53.48095;-2.23743

51.50853;-0.12574

53.38297;-1.4659

33.34058;44.40088

33.34058;44.40088

53.39254;-2.58024

-34.61315;-58.37723

42.33669;-7.86407

33.34058;44.40088

33.34058;44.40088

-5.14;119.4221

35.6895;139.69171

48.85341;2.3488

44.43225;26.10626

